[1],70.4
[2],69.2
[3],71.0
[4],70.1
[5],70.6
[6],70.4
[7],70.2
[8],70.8
[9],70.2
[10],70.4
[11],70.3
[12],71.1
[13],70.0
[14],69.6
[15],73.9
[16],70.6
[17],70.7
[18],70.1
[19],70.9
[20],69.9
[21],70.4
[22],70.5
[23],72.0
[24],70.2
[25],70.2
[26],71.8
[27],71.8
[28],70.6
[29],70.4
[30],70.8
[31],69.5
[32],70.2
[33],69.7
[34],68.9
[35],69.9
[36],71.6
[37],70.5
[38],70.7
[39],71.2
[40],71.1
[41],69.8
[42],69.7
[43],70.1
[44],72.8
[45],70.7
[46],69.9
[47],71.3
[48],70.6
[49],84.5
[50],69.7
[51],70.8
[52],70.4
[53],70.1
[54],70.6
[55],70.8
[56],69.0
[57],70.1
[58],69.6
[59],70.3
[60],69.9
[61],72.3
[62],70.9
[63],70.5
[64],69.2
[49, 1],83.7
[49, 2],85.4
[49, 3],84.3
[49, 4],84.9
[49, 5],84.3
[49, 6],84.1
[49, 7],83.3
[49, 8],84.4
[49, 9],84.6
[49, 10],83.5
[49, 11],83.9
[49, 12],85.7
[49, 13],84.4
[49, 14],84.6
[49, 15],96.6
[49, 16],84.2
[49, 17],85.0
[49, 18],85.0
[49, 19],84.7
[49, 20],84.8
[49, 21],84.7
[49, 22],84.2
[49, 23],84.1
[49, 24],84.5
[49, 25],84.5
[49, 26],84.7
[49, 27],84.4
[49, 28],84.6
[49, 29],83.8
[49, 30],83.5
[49, 31],84.3
[49, 32],84.7
[49, 33],85.3
[49, 34],84.8
[49, 35],84.4
[49, 36],84.8
[49, 37],84.0
[49, 38],84.5
[49, 39],84.6
[49, 40],85.0
[49, 41],83.5
[49, 42],84.4
[49, 43],84.3
[49, 44],84.3
[49, 45],84.4
[49, 46],84.1
[49, 47],85.0
[49, 48],85.8
[49, 50],84.3
[49, 51],84.2
[49, 52],84.2
[49, 53],83.8
[49, 54],84.0
[49, 55],84.9
[49, 56],85.3
[49, 57],84.8
[49, 58],83.7
[49, 59],84.4
[49, 60],82.7
[49, 61],83.9
[49, 62],84.1
[49, 63],82.6
[49, 64],85.1
[49, 15, 1],94.6
[49, 15, 2],94.6
[49, 15, 3],94.4
[49, 15, 4],94.9
[49, 15, 5],94.1
[49, 15, 6],93.9
[49, 15, 7],94.4
[49, 15, 8],94.8
[49, 15, 9],94.1
[49, 15, 10],94.1
[49, 15, 11],94.7
[49, 15, 12],96.4
[49, 15, 13],94.9
[49, 15, 14],94.8
[49, 15, 16],94.6
[49, 15, 17],95.4
[49, 15, 18],94.4
[49, 15, 19],94.6
[49, 15, 20],94.8
[49, 15, 21],94.4
[49, 15, 22],93.6
[49, 15, 23],94.8
[49, 15, 24],95.5
[49, 15, 25],95.0
[49, 15, 26],95.0
[49, 15, 27],94.7
[49, 15, 28],95.1
[49, 15, 29],94.8
[49, 15, 30],95.0
[49, 15, 31],95.1
[49, 15, 32],94.7
[49, 15, 33],94.3
[49, 15, 34],95.0
[49, 15, 35],94.4
[49, 15, 36],95.0
[49, 15, 37],94.9
[49, 15, 38],94.9
[49, 15, 39],94.4
[49, 15, 40],94.3
[49, 15, 41],94.3
[49, 15, 42],94.9
[49, 15, 43],94.4
[49, 15, 44],94.3
[49, 15, 45],94.7
[49, 15, 46],94.4
[49, 15, 47],94.9
[49, 15, 48],94.6
[49, 15, 50],94.3
[49, 15, 51],95.0
[49, 15, 52],94.7
[49, 15, 53],94.6
[49, 15, 54],94.2
[49, 15, 55],94.5
[49, 15, 56],95.1
[49, 15, 57],94.9
[49, 15, 58],95.0
[49, 15, 59],95.0
[49, 15, 60],94.5
[49, 15, 61],94.2
[49, 15, 62],94.5
[49, 15, 63],94.6
[49, 15, 64],95.0
[49, 15, 12, 1],92.3
[49, 15, 12, 2],93.5
[49, 15, 12, 3],93.5
[49, 15, 12, 4],93.2
[49, 15, 12, 5],93.8
[49, 15, 12, 6],93.1
[49, 15, 12, 7],93.4
[49, 15, 12, 8],92.7
[49, 15, 12, 9],93.3
[49, 15, 12, 10],93.9
[49, 15, 12, 11],93.6
[49, 15, 12, 13],93.4
[49, 15, 12, 14],93.1
[49, 15, 12, 16],93.1
[49, 15, 12, 17],93.5
[49, 15, 12, 18],94.0
[49, 15, 12, 19],92.9
[49, 15, 12, 20],93.8
[49, 15, 12, 21],93.0
[49, 15, 12, 22],92.4
[49, 15, 12, 23],93.2
[49, 15, 12, 24],93.4
[49, 15, 12, 25],93.5
[49, 15, 12, 26],93.8
[49, 15, 12, 27],93.2
[49, 15, 12, 28],93.4
[49, 15, 12, 29],93.4
[49, 15, 12, 30],93.7
[49, 15, 12, 31],92.1
[49, 15, 12, 32],92.7
[49, 15, 12, 33],93.0
[49, 15, 12, 34],93.1
[49, 15, 12, 35],93.5
[49, 15, 12, 36],93.4
[49, 15, 12, 37],92.9
[49, 15, 12, 38],93.0
[49, 15, 12, 39],92.6
[49, 15, 12, 40],93.3
[49, 15, 12, 41],93.3
[49, 15, 12, 42],93.8
[49, 15, 12, 43],94.1
[49, 15, 12, 44],92.9
[49, 15, 12, 45],93.7
[49, 15, 12, 46],93.9
[49, 15, 12, 47],93.3
[49, 15, 12, 48],92.6
[49, 15, 12, 50],92.4
[49, 15, 12, 51],93.7
[49, 15, 12, 52],93.7
[49, 15, 12, 53],93.3
[49, 15, 12, 54],93.2
[49, 15, 12, 55],94.2
[49, 15, 12, 56],92.9
[49, 15, 12, 57],93.4
[49, 15, 12, 58],94.0
[49, 15, 12, 59],93.6
[49, 15, 12, 60],93.6
[49, 15, 12, 61],93.1
[49, 15, 12, 62],93.4
[49, 15, 12, 63],92.9
[49, 15, 12, 64],92.5
[49, 15, 12, 55, 1],90.3
[49, 15, 12, 55, 2],90.0
[49, 15, 12, 55, 3],90.3
[49, 15, 12, 55, 4],90.2
[49, 15, 12, 55, 5],90.6
[49, 15, 12, 55, 6],90.1
[49, 15, 12, 55, 7],91.8
[49, 15, 12, 55, 8],90.2
[49, 15, 12, 55, 9],90.9
[49, 15, 12, 55, 10],90.1
[49, 15, 12, 55, 11],90.8
[49, 15, 12, 55, 13],91.0
[49, 15, 12, 55, 14],90.1
[49, 15, 12, 55, 16],90.3
[49, 15, 12, 55, 17],90.2
[49, 15, 12, 55, 18],91.2
[49, 15, 12, 55, 19],90.9
[49, 15, 12, 55, 20],90.3
[49, 15, 12, 55, 21],89.7
[49, 15, 12, 55, 22],90.7
[49, 15, 12, 55, 23],90.2
[49, 15, 12, 55, 24],90.6
[49, 15, 12, 55, 25],90.0
[49, 15, 12, 55, 26],89.8
[49, 15, 12, 55, 27],89.7
[49, 15, 12, 55, 28],90.3
[49, 15, 12, 55, 29],90.5
[49, 15, 12, 55, 30],90.3
[49, 15, 12, 55, 31],89.5
[49, 15, 12, 55, 32],91.2
[49, 15, 12, 55, 33],90.5
[49, 15, 12, 55, 34],91.1
[49, 15, 12, 55, 35],91.2
[49, 15, 12, 55, 36],90.6
[49, 15, 12, 55, 37],90.6
[49, 15, 12, 55, 38],90.0
[49, 15, 12, 55, 39],90.4
[49, 15, 12, 55, 40],90.4
[49, 15, 12, 55, 41],90.6
[49, 15, 12, 55, 42],90.8
[49, 15, 12, 55, 43],90.4
[49, 15, 12, 55, 44],91.0
[49, 15, 12, 55, 45],90.5
[49, 15, 12, 55, 46],90.0
[49, 15, 12, 55, 47],90.9
[49, 15, 12, 55, 48],90.0
[49, 15, 12, 55, 50],90.0
[49, 15, 12, 55, 51],91.0
[49, 15, 12, 55, 52],90.9
[49, 15, 12, 55, 53],91.1
[49, 15, 12, 55, 54],91.1
[49, 15, 12, 55, 56],90.6
[49, 15, 12, 55, 57],90.5
[49, 15, 12, 55, 58],90.9
[49, 15, 12, 55, 59],90.6
[49, 15, 12, 55, 60],90.2
[49, 15, 12, 55, 61],91.0
[49, 15, 12, 55, 62],91.0
[49, 15, 12, 55, 63],90.5
[49, 15, 12, 55, 64],90.7
[49, 15, 12, 55, 7, 1],87.1
[49, 15, 12, 55, 7, 2],86.5
[49, 15, 12, 55, 7, 3],87.7
[49, 15, 12, 55, 7, 4],86.8
[49, 15, 12, 55, 7, 5],87.3
[49, 15, 12, 55, 7, 6],86.6
[49, 15, 12, 55, 7, 8],87.5
[49, 15, 12, 55, 7, 9],87.7
[49, 15, 12, 55, 7, 10],88.0
[49, 15, 12, 55, 7, 11],88.0
[49, 15, 12, 55, 7, 13],87.9
[49, 15, 12, 55, 7, 14],87.5
[49, 15, 12, 55, 7, 16],87.6
[49, 15, 12, 55, 7, 17],86.6
[49, 15, 12, 55, 7, 18],88.1
[49, 15, 12, 55, 7, 19],87.5
[49, 15, 12, 55, 7, 20],87.1
[49, 15, 12, 55, 7, 21],86.3
[49, 15, 12, 55, 7, 22],88.7
[49, 15, 12, 55, 7, 23],88.4
[49, 15, 12, 55, 7, 24],88.2
[49, 15, 12, 55, 7, 25],87.9
[49, 15, 12, 55, 7, 26],87.1
[49, 15, 12, 55, 7, 27],88.3
[49, 15, 12, 55, 7, 28],87.8
[49, 15, 12, 55, 7, 29],88.5
[49, 15, 12, 55, 7, 30],87.4
[49, 15, 12, 55, 7, 31],87.3
[49, 15, 12, 55, 7, 32],87.2
[49, 15, 12, 55, 7, 33],88.1
[49, 15, 12, 55, 7, 34],87.7
[49, 15, 12, 55, 7, 35],88.5
[49, 15, 12, 55, 7, 36],87.3
[49, 15, 12, 55, 7, 37],87.6
[49, 15, 12, 55, 7, 38],87.2
[49, 15, 12, 55, 7, 39],87.0
[49, 15, 12, 55, 7, 40],87.1
[49, 15, 12, 55, 7, 41],87.8
[49, 15, 12, 55, 7, 42],87.9
[49, 15, 12, 55, 7, 43],87.3
[49, 15, 12, 55, 7, 44],87.7
[49, 15, 12, 55, 7, 45],87.8
[49, 15, 12, 55, 7, 46],87.5
[49, 15, 12, 55, 7, 47],87.6
[49, 15, 12, 55, 7, 48],87.4
[49, 15, 12, 55, 7, 50],87.1
[49, 15, 12, 55, 7, 51],86.9
[49, 15, 12, 55, 7, 52],88.2
[49, 15, 12, 55, 7, 53],88.7
[49, 15, 12, 55, 7, 54],88.4
[49, 15, 12, 55, 7, 56],87.0
[49, 15, 12, 55, 7, 57],87.9
[49, 15, 12, 55, 7, 58],87.7
[49, 15, 12, 55, 7, 59],87.8
[49, 15, 12, 55, 7, 60],87.9
[49, 15, 12, 55, 7, 61],88.1
[49, 15, 12, 55, 7, 62],88.7
